version https://git-lfs.github.com/spec/v1
oid sha256:af4553dc3734e0d2c5eccd6d29182cbdc2d858b797d58026d688d3768d8575d5
size 98540
